1 0.456693 0
1.12246 0.480315 600
1.18921 0.535433 1200
1.33484 0.496063 1800
1.49831 0.488189 2400
1.5874 0.527559 3000
1.7818 0.496063 3600
2 0.519685 4200
1 0.346457 4800
1.12246 0.488189 5400
1.18921 0.511811 6000
1.33484 0.511811 6600
1.49831 0.527559 7200
1.5874 0.511811 7800
1.7818 0.519685 8400
2 0.519685 9000
1 0.377953 9600
1.12246 0.464567 10200
1.18921 0.488189 10800
1.33484 0.480315 11400
1.49831 0.503937 12000
1.5874 0.464567 12600
1.7818 0.527559 13200
2 0.496063 13800
1 0.354331 14400
1.12246 0.464567 15000
1.18921 0.503937 15600
1.33484 0.559055 16200
1.49831 0.503937 16800
1.5874 0.527559 17400
1.7818 0.551181 18000
2 0.496063 18600
1 0.346457 19200
1.12246 0.472441 19800
1.18921 0.519685 20400
1.33484 0.535433 21000
1.49831 0.503937 21600
1.5874 0.535433 22200
1.7818 0.527559 22800
2 0.511811 23400
1 0.362205 24000
1.12246 0.480315 24600
1.18921 0.503937 25200
1.33484 0.503937 25800
1.49831 0.511811 26400
1.5874 0.503937 27000
1.7818 0.480315 27600
2 0.527559 28200
28800 