1 0.543307 0
0.793701 0.519685 398.438
0.749154 0.543307 799.219
0.594604 0.559055 1200
0.561231 0.590551 1598.44
0.445449 0.590551 1999.22
1 0.771654 2400
0.793701 0.535433 2798.44
0.749154 0.574803 3199.22
0.594604 0.551181 3600
0.561231 0.535433 3998.44
0.445449 0.566929 4399.22
1 0.716535 4800
0.793701 0.606299 5198.44
0.890899 0.622047 5599.22
0.793701 0.590551 6000
0.749154 0.559055 6398.44
0.561231 0.535433 6799.22
0.594604 0.629921 7200
0.66742 0.661417 7598.44
0.594604 0.527559 7999.22
0.561231 0.590551 8400
0.5 0.590551 8798.44
0.445449 0.551181 9199.22
1 0.771654 9600
0.793701 0.590551 9998.44
0.749154 0.582677 10399.2
0.594604 0.535433 10800
0.561231 0.582677 11198.4
0.445449 0.590551 11599.2
1 0.76378 12000
0.793701 0.566929 12398.4
0.749154 0.543307 12799.2
0.594604 0.503937 13200
0.561231 0.511811 13598.4
0.445449 0.543307 13999.2
1 0.732283 14400
0.793701 0.559055 14798.4
0.890899 0.622047 15199.2
0.793701 0.566929 15600
0.749154 0.574803 15998.4
0.561231 0.488189 16399.2
0.594604 0.582677 16800
0.66742 0.661417 17198.4
0.594604 0.543307 17599.2
0.561231 0.614173 18000
0.5 0.559055 18398.4
0.445449 0.559055 18799.2
1 0.795276 19200
0.793701 0.543307 19598.4
0.749154 0.535433 19999.2
0.594604 0.551181 20400
0.561231 0.574803 20798.4
0.445449 0.519685 21199.2
1 0.748031 21600
0.793701 0.614173 21998.4
0.749154 0.551181 22399.2
0.594604 0.543307 22800
0.561231 0.535433 23198.4
0.445449 0.582677 23599.2
1 0.779528 24000
0.793701 0.582677 24398.4
0.890899 0.629921 24799.2
0.793701 0.527559 25200
0.749154 0.566929 25598.4
0.561231 0.527559 25999.2
0.594604 0.598425 26400
0.66742 0.653543 26798.4
0.594604 0.590551 27199.2
0.561231 0.582677 27600
0.5 0.582677 27998.4
0.445449 0.551181 28399.2
28800 