0.297302 0.559055 1200
0.297302 0.622047 1399.22
0.297302 0.551181 3600
0.297302 0.614173 3799.22
0.297302 0.519685 6000
0.297302 0.566929 6199.22
0.297302 0.503937 8400
0.297302 0.590551 8599.22
0.297302 0.527559 10800
0.297302 0.590551 10999.2
0.297302 0.606299 13200
0.297302 0.590551 13399.2
0.297302 0.559055 15600
0.297302 0.598425 15799.2
0.297302 0.535433 18000
0.297302 0.614173 18199.2
0.297302 0.535433 20400
0.297302 0.637795 20599.2
0.297302 0.488189 22800
0.297302 0.614173 22999.2
0.297302 0.551181 25200
0.297302 0.622047 25399.2
0.297302 0.543307 27600
0.297302 0.598425 27799.2
28800