4.48985 0.456693 0
4 0.433071 600
4.75683 0.503937 1200
4.48985 0.464567 1800
4.48985 0.480315 2400
4 0.448819 3000
4.75683 0.527559 3600
4.48985 0.425197 4200
5.99323 0.527559 4800
4 0.417323 5400
3.56359 0.417323 6000
4.48985 0.496063 6600
4.48985 0.488189 7200
4 0.472441 7800
3.1748 0.393701 8400
4.48985 0.551181 9000
4.48985 0.488189 9600
4 0.440945 10200
4.75683 0.527559 10800
4.48985 0.456693 11400
4.48985 0.448819 12000
4 0.440945 12600
4.75683 0.519685 13200
4.48985 0.448819 13800
5.99323 0.535433 14400
4 0.393701 15000
3.56359 0.448819 15600
4.48985 0.551181 16200
4.48985 0.543307 16800
4 0.511811 17400
3.1748 0.440945 18000
4.48985 0.511811 18600
4.48985 0.480315 19200
4 0.480315 19800
4.75683 0.527559 20400
4.48985 0.456693 21000
4.48985 0.472441 21600
4 0.464567 22200
4.75683 0.503937 22800
4.48985 0.488189 23400
5.99323 0.543307 24000
4 0.425197 24600
3.56359 0.464567 25200
4.48985 0.551181 25800
4.48985 0.488189 26400
4 0.433071 27000
3.1748 0.425197 27600
4.48985 0.535433 28200
28800 