4 0.606299 398.438
4 0.606299 1200
3.1748 0.606299 1999.22
4 0.590551 2798.44
3.56359 0.551181 3600
4.75683 0.614173 4399.22
5.33936 0.566929 5198.44
4.75683 0.629921 6000
5.99323 0.574803 6799.22
4.75683 0.606299 7598.44
4.75683 0.598425 8400
4 0.598425 9199.22
4 0.606299 9998.44
4 0.566929 10800
3.1748 0.582677 11599.2
4 0.606299 12398.4
3.56359 0.622047 13200
4.75683 0.582677 13999.2
5.33936 0.574803 14798.4
4.75683 0.590551 15600
5.99323 0.582677 16399.2
4.75683 0.637795 17198.4
4.75683 0.582677 18000
4 0.582677 18799.2
4 0.598425 19598.4
4 0.582677 20400
3.1748 0.582677 21199.2
4 0.622047 21998.4
3.56359 0.559055 22800
4.75683 0.590551 23599.2
5.33936 0.566929 24398.4
4.75683 0.574803 25200
5.99323 0.582677 25999.2
4.75683 0.590551 26798.4
4.75683 0.574803 27600
4 0.606299 28399.2
28800 