0.594604 0.543307 0
0.66742 0.637795 199.219
0.749154 0.661417 398.438
0.793701 0.637795 600
0.890899 0.622047 799.219
1 0.653543 998.438
0.793701 0.574803 1200
0.890899 0.637795 1399.22
1 0.645669 1598.44
1.12246 0.629921 1800
1.18921 0.645669 1999.22
1.33484 0.637795 2198.44
0.594604 0.440945 2400
0.66742 0.637795 2599.22
0.749154 0.629921 2798.44
0.793701 0.622047 3000
0.890899 0.629921 3199.22
1 0.645669 3398.44
0.793701 0.551181 3600
0.890899 0.629921 3799.22
1 0.629921 3998.44
1.12246 0.606299 4200
1.18921 0.629921 4399.22
1.33484 0.645669 4598.44
0.594604 0.456693 4800
0.66742 0.582677 4999.22
0.749154 0.653543 5198.44
0.793701 0.622047 5400
0.890899 0.629921 5599.22
1 0.637795 5798.44
0.793701 0.566929 6000
0.890899 0.637795 6199.22
1 0.645669 6398.44
1.12246 0.645669 6600
1.18921 0.637795 6799.22
1.33484 0.629921 6998.44
0.594604 0.464567 7200
0.66742 0.590551 7399.22
0.749154 0.629921 7598.44
0.793701 0.629921 7800
0.890899 0.661417 7999.22
1 0.669291 8198.44
0.793701 0.535433 8400
0.890899 0.614173 8599.22
1 0.622047 8798.44
1.18921 0.677165 9000
1.12246 0.598425 9199.22
0.594604 0.440945 9600
0.66742 0.677165 9799.22
0.749154 0.614173 9998.44
0.793701 0.645669 10200
0.890899 0.629921 10399.2
1 0.645669 10598.4
0.793701 0.527559 10800
0.890899 0.598425 10999.2
1 0.653543 11198.4
1.12246 0.685039 11400
1.18921 0.637795 11599.2
1.33484 0.629921 11798.4
0.594604 0.448819 12000
0.66742 0.637795 12199.2
0.749154 0.606299 12398.4
0.793701 0.661417 12600
0.890899 0.661417 12799.2
1 0.661417 12998.4
0.793701 0.559055 13200
0.890899 0.629921 13399.2
1 0.629921 13598.4
1.12246 0.637795 13800
1.18921 0.637795 13999.2
1.33484 0.637795 14198.4
14400