1.18921 0.503937 199.219
1.18921 0.566929 300
1.18921 0.559055 600
1.18921 0.574803 698.438
1 0.543307 998.438
1 0.582677 1099.22
1 0.519685 1399.22
1 0.606299 1500
1.49831 0.527559 1800
1.49831 0.566929 1898.44
1.49831 0.527559 2198.44
1.49831 0.598425 2299.22
1.5874 0.535433 2599.22
1.5874 0.574803 2700
1.5874 0.551181 3000
1.5874 0.598425 3098.44
2 0.535433 3398.44
2 0.582677 3499.22
2 0.543307 3799.22
2 0.590551 3900
1.49831 0.527559 4200
1.49831 0.574803 4298.44
1.49831 0.559055 4598.44
1.49831 0.582677 4699.22
1.18921 0.535433 4999.22
1.18921 0.614173 5100
1.18921 0.527559 5400
1.18921 0.590551 5498.44
1 0.566929 5798.44
1 0.629921 5899.22
1 0.566929 6199.22
1 0.590551 6300
1.49831 0.566929 6600
1.49831 0.598425 6698.44
1.49831 0.527559 6998.44
1.49831 0.582677 7099.22
1.5874 0.543307 7399.22
1.5874 0.598425 7500
1.5874 0.551181 7800
1.5874 0.606299 7898.44
2 0.535433 8198.44
2 0.551181 8299.22
2 0.511811 8599.22
2 0.566929 8700
1.49831 0.527559 9000
1.49831 0.582677 9098.44
1.49831 0.543307 9398.44
1.49831 0.653543 9499.22
1.18921 0.551181 9799.22
1.18921 0.582677 9900
1.18921 0.543307 10200
1.18921 0.598425 10298.4
1 0.519685 10598.4
1 0.606299 10699.2
1 0.535433 10999.2
1 0.582677 11100
1.49831 0.566929 11400
1.49831 0.574803 11498.4
1.49831 0.566929 11798.4
1.49831 0.566929 11899.2
1.5874 0.511811 12199.2
1.5874 0.637795 12300
1.5874 0.535433 12600
1.5874 0.590551 12698.4
2 0.527559 12998.4
2 0.622047 13099.2
2 0.559055 13399.2
2 0.582677 13500
1.49831 0.559055 13800
1.49831 0.590551 13898.4
1.49831 0.511811 14198.4
1.49831 0.590551 14299.2
14400