0.198425 0.527559 0
0.148651 0.535433 1200
0.187288 0.637795 1800
0.198425 0.606299 2400
0.148651 0.559055 3600
0.187288 0.661417 4200
0.198425 0.598425 4800
0.148651 0.566929 6000
0.187288 0.606299 6600
0.198425 0.622047 7200
0.148651 0.527559 8400
0.187288 0.637795 9000
0.198425 0.629921 9600
0.148651 0.527559 10800
0.187288 0.645669 11400
0.198425 0.645669 12000
0.148651 0.566929 13200
0.187288 0.637795 13800
0.198425 0.598425 14400
0.148651 0.543307 15600
0.187288 0.614173 16200
0.198425 0.653543 16800
0.148651 0.574803 18000
0.187288 0.606299 18600
0.198425 0.622047 19200
0.148651 0.535433 20400
0.187288 0.622047 21000
0.198425 0.614173 21600
0.148651 0.551181 22800
0.187288 0.606299 23400
0.198425 0.622047 24000
0.148651 0.511811 25200
0.187288 0.622047 25800
0.198425 0.606299 26400
0.148651 0.543307 27600
0.187288 0.598425 28200
28800 