0.374577 0.669291 1598.44
0.374577 0.732283 1863.28
0.39685 0.787402 2130.47
0.39685 0.724409 3998.44
0.39685 0.771654 4263.28
0.297302 0.692913 4530.47
0.5 0.692913 6398.44
0.5 0.787402 6663.28
0.594604 0.84252 6930.47
0.749154 0.677165 8798.44
0.594604 0.685039 9063.28
0.5 0.716535 9330.47
0.374577 0.708661 11198.4
0.374577 0.787402 11463.3
0.39685 0.76378 11730.5
0.39685 0.669291 13598.4
0.39685 0.787402 13863.3
0.297302 0.740157 14130.5
0.5 0.692913 15998.4
0.5 0.724409 16263.3
0.594604 0.84252 16530.5
0.749154 0.692913 18398.4
0.594604 0.669291 18663.3
0.5 0.677165 18930.5
0.374577 0.669291 20798.4
0.374577 0.740157 21063.3
0.39685 0.779528 21330.5
0.39685 0.685039 23198.4
0.39685 0.76378 23463.3
0.297302 0.716535 23730.5
0.5 0.685039 25598.4
0.5 0.724409 25863.3
0.594604 0.818898 26130.5
0.749154 0.685039 27998.4
0.594604 0.685039 28263.3
0.5 0.716535 28530.5
28800 