1.5874 0.559055 0
1.49831 0.566929 300
1.33484 0.598425 600
1.18921 0.551181 900
1.12246 0.535433 1200
1 0.519685 1500
0.890899 0.551181 1800
0.793701 0.535433 2100
1 0.622047 2400
1 0.606299 2700
0.594604 0.488189 3000
0.594604 0.582677 3300
0.890899 0.637795 3600
0.890899 0.622047 3900
0.561231 0.448819 4200
0.561231 0.574803 4500
0.594604 0.614173 4800
0.66742 0.637795 5100
0.749154 0.692913 5400
0.793701 0.661417 5700
0.793701 0.598425 6000
0.890899 0.653543 6300
1 0.653543 6600
1.12246 0.645669 6900
7200